master_record_number,injury_type,bar_counts
902363382,1,3
902364268,1,3
902364412,2,3
902364551,2,3
902364615,1,3
902364664,1,3
902364682,1,3
902364683,3,0
902364714,1,3
902364756,1,3
902364761,1,3
902364764,1,3
902364822,1,3
902365038,1,2
902365063,3,3
902365100,1,2
902365193,1,3
902365241,1,3
902365255,1,2
902365284,1,3
902365371,1,2
902365494,1,3
902365759,1,0
902365763,1,0
902365865,1,1
902366338,1,1
902366648,1,2
902366662,1,2
902366676,2,3
902366706,1,2
902366710,1,0
902366720,1,3
902366726,1,3
902366785,1,0
902367011,1,3
902367259,2,2
902367552,1,3
902367554,1,0
902367655,3,3
902367680,1,1
902367699,1,3
902367715,1,0
902367716,1,0
902367789,1,1
902367842,3,0
902367995,1,2
902368658,1,3
902368672,1,2
902368697,1,2
902368762,1,0
902368763,1,0
902368908,1,3
902368964,2,3
902369025,1,1
902369035,1,3
902369036,1,3
902369165,1,2
902369233,1,1
902369518,1,0
902369547,3,2
902369585,1,0
902369787,1,3
902369870,1,3
902369933,1,3
902370000,1,3
902370079,1,3
902370118,1,3
902370264,2,3
902370468,2,3
902370473,1,3
902370571,1,1
902370734,3,1
902370848,1,3
902370987,1,2
902371028,1,0
902371029,1,3
902371055,1,3
902371076,1,1
902371085,1,3
902371197,1,3
902371285,1,3
902371535,1,3
902371565,1,2
902371659,1,0
902371677,1,2
902371877,1,3
902371937,1,3
902372354,1,2
902372412,3,3
902372560,1,3
902372716,1,0
902372776,1,3
902372873,2,0
902372874,1,0
902372994,1,3
902373153,2,3
902373279,1,3
902373402,1,3
902373417,1,3
902373450,1,3
902373562,3,3
902373707,1,3
902373722,1,3
902373724,1,3
902373769,1,3
902373795,2,3
902374157,1,2
902374167,1,3
902374296,1,3
902374303,1,1
902374407,1,3
902374495,1,3
902374528,1,3
902374541,1,2
902374549,1,3
902374663,1,2
902374711,1,0
902374770,1,3
902374772,1,3
902375077,1,3
902375104,1,3
902375106,1,2
902375511,1,3
902375556,1,1
902375560,1,2
902375586,1,3
902375614,1,2
902375751,2,3
902375764,1,3
902375793,1,3
902375812,3,3
902375825,1,3
902375837,1,3
902375867,1,3
902375880,1,0
902375899,1,3
902375928,1,0
902375946,1,3
902376025,1,3
902376043,1,1
902376047,3,2
902376062,1,2
902376063,1,3
902376066,2,2
902376079,1,0
902376080,1,0
902376081,1,0
902376207,1,3
902376248,1,1
902376250,1,3
902376326,1,0
902376382,1,2
902376405,1,0
902376417,1,0
902376427,1,0
902376433,1,0
902376467,1,3
902376541,1,3
902376554,1,3
902376562,1,2
902376565,2,0
902376571,1,3
902376691,1,3
902376750,1,3
902376844,1,0
902376914,2,0
902376951,1,3
902376993,1,3
902377011,1,2
902377048,1,2
902377198,3,0
902377242,1,1
902384082,1,3
902384099,1,3
902384137,1,3
902384175,1,3
902384258,1,2
902384269,1,3
902384360,2,2
902384470,1,3
902384482,1,1
902384628,1,3
902384641,3,3
902384754,1,0
902384755,3,0
902384833,1,0
902385040,1,3
902385118,1,2
902385272,1,2
902385416,1,3
902385610,1,3
902385962,3,3
902385987,1,3
902386055,1,3
902386082,1,3
902386232,2,3
902386319,1,2
902386354,1,2
902386355,3,3
902386360,1,3
902386361,1,2
902386362,1,3
902386414,2,3
902386429,1,1
902386455,1,3
902386566,1,3
902386945,1,3
902386948,1,1
902386983,1,0
902387008,1,2
902387085,2,1
902400431,1,0
902400432,1,0
902400433,1,0
902400443,1,2
902400766,1,2
902400974,1,0
902401070,1,2
902401097,1,2
902401098,1,2
902401099,3,0
902401113,1,3
902401114,3,1
902401202,1,2
902401268,1,3
902401483,2,2
902401485,1,3
902401518,3,3
902401525,1,3
902401558,1,3
902401585,1,3
902401729,1,3
902401751,1,2
902401834,1,0
902401835,1,2
902401927,1,0
902402030,1,3
902402081,1,2
902402232,1,3
902402244,1,3
902402255,1,0
902402299,1,3
902402321,1,3
902402345,1,3
902402346,2,3
902402479,1,3
902402485,1,3
902402718,1,3
902402881,1,2
902403110,3,0
